   0.00 44
   0.40 88
   0.50 109
   0.75 177
   1.00 229
   1.13 180
   1.88 146
   2.13 125
   2.88 95
   3.63 71
   5.38 62
   6.13 59
   7.38 44
   8.38 37
   9.13 33
  10.13 55
  11.13 97
  12.13 74
  14.38 43
  14.88 22
  16.13 4
  16.40 4
  16.71 4
  17.14 3
  17.28 3
  17.38 4
  18.00 2
  18.32 2
  18.33 0
  18.68 0
  18.71 2
  19.71 1
  20.18 3
  20.38 5
  21.13 8
  21.63 9
  22.13 0
  22.60 0
  23.86 0
  23.98 0
  24.39 0
  25.26 0
  26.50 0
  27.65 0
  28.91 0
  29.50 0
  29.54 3
  30.00 8
  30.10 12
  30.25 15