0 222.86
0.5 236.77
1 250.32
1.5 294.22
2 295.63
2.5 305.63
3 347.84
3.5 358.28
4 364.1
4.5 358.25
5 354.25
5.5 353.47
6 336.87
6.5 370.44
7 406.76
7.5 385.19
8 370.73
8.5 312.43
9 338.6
9.5 374.63
10 482.34
10.5 510.74
11 579.58
11.5 554.08
12 559.98
12.5 506.57
13 439.7
13.5 398.2
14 437.03
14.5 482.88
15 553.62
15.5 506.82
16 473.39
16.5 433.57
17 418.17
17.5 432.99
18 434.08
18.5 408.87
19 376.62
19.5 376.71
20 401.79
20.5 391.44
21 357.52
21.5 338.53
22 331.87
22.5 346.83
23 349.29
23.5 338.48
24 337.82
24.5 311
25 295.7
25.5 279.07
26 289.46
26.5 298.21
27 275.29
27.5 288.29
28 274.2
28.5 257.7